00109090
00208081
00308070
00409081
00507080
00606091
00706100
00807101
00905080
01008091
01110070
01205121
01306110
01409071
01510060
01610051
01708110
01807111
01907120
02006131
02104110
02204091
02305090
02408131
02507130
02605071
02710090
02811081
02910080
03010101
03111070
03212061
03309050
03412081
03508040
03607031
03711090
03807041
03912090
04013091
04107060
04205051
04308060
04409061
04508050
04608031
04707070
04806081
04907090
05007051
05106070
05209041
05311060
05407021
05507010
05606011