00109090
00208081
00307090
00408091
00508100
00606081
00707080
00807111
00907070
01007051
01107060
01207101
01309080
01403051
01509070
01609061
01709100
01809111
01908070
02006051
02105050
02206071
02306060
02411101
02511070
02610071
02710080
02812061
02908050
03004061
03102040
03204041
03310060
03406111
03508110
03604131
03705120
03806101
03906090
04004111
04110090
04207121
04311080
04412071
04510100
04612081
04712050
04807131
04907140
05012101
05112090
05211091
05309050
05411051
05510040
05611031
05710050
05808041
05908060
06010031
06111040
06205111
06303110
06410121
06511060
06608121
06705090
06809121
06911120
07006121