00109090
00208081
00307090
00408091
00508100
00606081
00707080
00807111
00907070
01007051
01107060
01207101
01303020
01403031
01509080
01606051
01708050
01806071
01906060
02009061
02109100
02209111
02305060
02404061
02505090
02606111
02708110
02805121
02904130
03006091
03106100
03210091
03305080
03405071
03503050
03601051
03709070
03804021
03902040
04005031
04106040
04204031
04306030
04404041
04504050
04604011
04704000
04800001
04902020
05002031
05101030
05203011
05305040
05407021
05505050
05602071
05707040
05809041
05908030
06003071
06104070
06206011
06305010
06408041
06503040
06609031
06709020
06810011
06907030
07011011
07110020
07208021
07305020
07409011
07507010
07612011
07708010
07813011