00109090
00208081
00308090
00407091
00509070
00609081
00710080
00811091
00911070
01008101
01113050
01212061
01306080
01410071
01512050
01611051
01713070
01813061
01914060
02015071
02115050
02216041
02314050
02416051
02514040
02614071
02714030
02814021
02913030
03016061
03116030
03216071
03316080
03417071
03518070
03615031
03717050
03813011
03912000
04015061
04113080
04217041
04318030
04415081
04515100
04616091
04717100
04814091
04913100
05018051
05117060
05213091
05314100
05416101
05515090
05612101
05714080
05812091
05910090
06012081
06112070
06212121
06312110
06412021
06508040
06610041
06711030
06809031
06908020
07010021
07110030
07212031
07313020
07410121
07509110
07611111
07709130
07811121
07909120
08009101
08111100
08213121
08314120
08406101
08507100
08605111
08704120
08809151
08904040
09011131
09110140
09211151
09311140
09408111
09507070
09608141
09707130
09808131
09908120
10006141
10104060
10205141
10307140
10407121
10506130
10610151
10708150
10809141
10911160
11006111