00109090
00208081
00307080
00407091
00509070
00609081
00708070
00806091
00910070
01011071
01106070
01207071
01308090
01409101
01504050
01605061
01711080
01809061
01912090
02010091
02114110
02213101
02311100
02410111
02510120
02608061
02707060
02809051
02910040
03005091
03106080
03204091
03303090
03408051
03503050
03606051
03707050
03806061
03905050
04002051
04110060
04210051
04311050
04404071
04503080
04605081
04703060
04803071
04905100
05007101
05108110
05207041
05308030
05404081
05504100
05606101
05707110
05802061