00109090
00208081
00308070
00409081
00507080
00606091
00706100
00807101
00908090
01005081
01104070
01208111
01309120
01406071
01501040
01607061
01704090
01808051
01909040
02004081
02101050
02206081
02306050
02403081
02502080
02609101
02702040
02810091
02907120
03011081
03112070
03210081
03312080
03410071
03509060
03610051
03710060
03810101
03910110
04011101
04108100
04213101
04312100
04412091
04514110
04612111
04713120
04814091
04913090
05011071
05111120
05212121
05308120
05410121
05511090
05611111
05706120
05805121
05907110
06005131
06109130
06210141
06305090