00109090
00208081
00308090
00407091
00506100
00606111
00707110
00805091
00908100
01010081
01105130
01206121
01305100
01407101
01507080
01609101
01706090
01808071
01903120
02004111
02106070
02206081
02304050
02405061
02503110
02603101
02705120
02805141
02904120
03002101
03106140
03207151
03302120
03401121
03508060
03604091
03702110
03804101
03901100
04004131
04104070
04205111
04307130
04403091
04502080
04602091
04701090
04801081
04900070
05004081
05105070
05201111
05300120
05403071
05503060
05605081
05701050
05803081
05908120
06000081
06105150
06209111
06304160