00109090
00208081
00307090
00408091
00508100
00606081
00707080
00807111
00907070
01007051
01107060
01207101
01303020
01409081
01510070
01608071
01706110
01808061
01908050
02010081
02109070
02211081
02312080
02406071
02504040
02606061
02706050
02806091
02906100
03010091
03105040
03204031
03312110
03409101
03508110
03610101
03710110
03809061
03911110
04009111
04114110
04213111
04312070
04411071
04512090
04612101
04714120
04811101
04913100
05011061
05111090
05210061
05312060
05412051
05511040
05614091
05715120
05816131
05908040
06009051
06106040
06207041
06303040
06402041
06503030
06610051
06703050
06803061
06903010