00109090
00208081
00308090
00407091
00506100
00605101
00707080
00806071
00906110
01006121
01105120
01207101
01301080
01405081
01505090
01608111
01706090
01804091
01903100
02004111
02108050
02204081
02304100
02406081
02502080
02608101
02709110
02804061
02905070
03004071
03104050
03207071
03300050
03408071
03509070
03603091
03709100
03809081
03909130
04009121
04108120
04207111
04307130
04406141
04511090
04610101
04710110
04811121
04910090
05012091
05110130
05208131
05304140
05407121
05503060
05610121
05702070
05805041
05900090