00109090
00208081
00307090
00408091
00508100
00606081
00707080
00807111
00907060
01007071
01108060
01206061
01305050
01406051
01506070
01605081
01705090
01807101
01906090
02003091
02105070
02209081
02310070
02406111
02505120
02605101
02707120
02808111
02905110
03009111
03110110
03208121
03310100
03410091
03509070
03610081
03712080
03808071
03911100
04012101
04109120
04212091
04307140
04408131
04508150
04606131
04709130
04806121
04906140
05005141
05105060
05205031
05304050
05403041
05509140
05610141
05709160
05809151
05910170
06011181
06106150
06207161
06312120
06413131
06508160
06607151
06711120
06810131
06913120
07010121
07110150
07212131
07314130
07411131
07515140
07612111
07714120
07815121
07916150
08017161
08112140
08211141
08314140
08413141
08514110
08614151
08714100