00109090
00208081
00307090
00408091
00508100
00606081
00707080
00807111
00907060
01007071
01108060
01206061
01305050
01406051
01506070
01605081
01705090
01807101
01906090
02003091
02105070
02209081
02310070
02406111
02505120
02605101
02707120
02808111
02905110
03009111
03110110
03208121
03310100
03410091
03509070
03610081
03711080
03809061
03908070
04011071
04106100
04204121
04305060
04405031
04504050
04603041
04708050
04808041
04909040
05010031
05109050
05202031
05304030
05404041
05505040
05606021
05703050
05807011
05908000
06006031
06106040
06202051
06307030
06408021
06507050
06607021
06709020
06811051
06909030
07009011
07105020
07203071
07307040
07402041
07502060
07600041
07701040
07800001
07902020
08003081
08103100
08202071
08304090
08404081
08502080
08610011
08711010
08806011
08908010
09010041
09110020
09204111
09304020
09403021
09503030
09604141
09704130
09812061
09904010
10014041
10113050
10214081
10313070
10413041
10512040
10614061
10703010
10814051
10914070
11011021
11112030
11214031
11314020
11413061
11510060
11615061
11711060
11816061