00109090
00208081
00307080
00407091
00509070
00609081
00708070
00806091
00905090
01010071
01108090
01206071
01306100
01407111
01508110
01610081
01711080
01810091
01910100
02010051
02110060
02208101
02306080
02404101
02507070
02609051
02707050
02807061
02908050
03012051
03111060
03211051
03313050
03412061
03513070
03612081
03712070
03813061
03914070
04015071
04111090
04211101
04312110
04404081
04504090
04610111
04712090
04814091
04911070
05012121
05113090
05213101
05313080
05415061
05514060
05615081
05715100
05815051
05915040
06015091