00109090
00208081
00307090
00408091
00508100
00606081
00710080
00811071
00907110
01006121
01107080
01207101
01306110
01408111
01506090
01608071
01708060
01809071
01910070
02010091
02107060
02207071
02306070
02409101
02511080
02607121
02706130
02809061
02906050
03008121
03105120
03209121
03310120
03410131
03511140
03609111
03709140
03807141
03907130
04010111
04108130
04212111
04311110
04411101
04509080
04611121
04712130
04813101
04914090
05010101
05112100
05209131
05313080
05412081
05511090
05613091
05710060
05813121
05914130
06014101
06115110
06213111
06313130
06411131
06512120
06612141
06710050
06810041
06912070
07011061
07104130
07205131
07314140
07415151
07515130
07616131
07715100
07816111
07915120
08015091
08115140