00109090
00208081
00308090
00407091
00509070
00609081
00707080
00806071
00910080
01011091
01111070
01208101
01313050
01412061
01508070
01610071
01709060
01806091
01911040
02010051
02106080
02211061
02313040
02409041
02512070
02608031
02707020
02813061
02914060
03012041
03107060
03207051
03306060
03408061
03509050
03610061
03710030
03813031
03914020
04012051
04112020
04214071
04315080
04413021
04505040
04606051
04704050
04806031
04905060
05005031
05107030
05206041
05304020
05406021
05506010
05604041
05707010
05802061
05903050
06007041
06103060
06204061
06310040
06410011
06509020
06608011
06702070
06801081
06913010
07011031
07108020
07210021
07309030
07406001
07511050