00109090
00208081
00308090
00409081
00507090
00610091
00705090
00806091
00907080
01007061
01108070
01206071
01307100
01407111
01506080
01608061
01704060
01805071
01904100
02003111
02105100
02206101
02305110
02405121
02506120
02603091
02708140
02807131
02906060
03003101
03103080
03205081
03304090
03406111
03504080
03604071
03702070
03801061
03903060
04003071
04107070
04205061
04300030
04402091
04504110
04604121
04703120
04802101
04905130
05001091
05100080
05201081
05301070
05402081
05502130
05601141
05702110
05801101
05901120
06002061
06103140
06201111
06304150
06400111
06505160