00109090
00208081
00307090
00408091
00508100
00606081
00707080
00807111
00907060
01007071
01108060
01206061
01305050
01406051
01506070
01605081
01705090
01807101
01906090
02003091
02105070
02209081
02310070
02406111
02505120
02605101
02707120
02808111
02905110
03009111
03110110
03208121
03310100
03410091
03509070
03610081
03712080
03811101
03912110
04010141
04109130
04212071
04311080
04409061
04509100
04603081
04704080
04802071
04904090
05003101
05104100
05203071
05303110
05403061