00109090
00209101
00308090
00410091
00508110
00608101
00707100
00809081
00911100
01006091
01106080
01211081
01312070
01408081
01510080
01604041
01707070
01807091
01908060
02005091
02104090
02210041
02309070
02407051
02511090
02612101
02710070
02808071
02907060
03011071
03109060
03206061
03310060
03411061
03511050
03603021
03712040
03813031
03908040
04005031
04106070
04205081
04308050
04409041
04508030
04608021
04707040
04806031
04906050
05005061
05105070
05204071
05303060
05409021
05509030
05606021
05707020
05803051
05907010
06002061