00109090
00208081
00307080
00406071
00505070
00605091
00706100
00807101
00908110
01009111
01108100
01207111
01307120
01409101
01508120
01608131
01709120
01806121
01910120
02011121
02110110
02210131
02309130
02409141
02512110
02608151
02707160
02811111
02911100
03012091
03110090
03209081
03310080
03410101
03511070
03612061
03713120
03814131
03906110
04012081
04112070
04211091
04313070
04410071
04511060
04614071
04711080
04813061
04911050
05011041
05112050
05210051
05312100
05413101
05513080
05614091
05713090
05814081
05914060
06014101
06114110
06213111
06312120
06410061
06514120
06612131
06713130
06810041
06910030
07015121
07113050
07214051
07309060
07408091
07509070
07609051
07708060
07808071
07907090
08006081
08106050
08211131
08311140
08408051
08507060
08607051
08706060
08805061
08907070
09006091
09113140
09212141
09312040
09415071
09515080
09609041
09708040
09813041
09915060
10014041
10115100
10215111
10315090
10416081
10516060
10617061
10710140
10816101
10916110
11016071
11117070
11216091
11307040
11417091
11516120
11617101
11717110
11817081
11914140
12015131
12115140
12216141
12317120
12416131
12517130
12617141
12718100
12818111
12918120
13006041
13118090
13218081
13318130
13418141
13518070
13618061
13713150
13813161
13912160
14011151
14115150
14216161
14316150
14414151
14511170
14610181
14710150
14812151
14911160
15010161
15109170
15208141
15307130
15408161
15508170
15609161
15710170
15807171
15912170