00109090
00208081
00308090
00409081
00507090
00610091
00705090
00806091
00907080
01005051
01107060
01207071
01306060
01405061
01505070
01612111
01711100
01810111
01910100
02008101
02109070
02211111
02309110
02414111
02513110
02611091
02709100
02809131
02912100
03013101
03112090
03205081
03307100
03407111
03508120
03607131
03710130
03814091
03915080
04014081
04114100
04215091
04310080
04407051
04510070
04612061
04713070
04812071
04911080
05009061
05111060
05212051
05312040
05406051
05508050
05603051
05704050
05804071
05903080
06003061
06102050
06208031
06307040
06403041
06503030
06616091
06717090
06815101
06913120
07016111
07113080
07217081
07318070
07417121
07518130
07613091
07716100
07815061
07915110
08014121
08116080
08214061
08316060
08414051
08514070
08616071
08718090
08813041