00109090
00208081
00307090
00408091
00508100
00609111
00707110
00810081
00905130
01006121
01107080
01207101
01309080
01409071
01508060
01606111
01705120
01806131
01906140
02005111
02106090
02204101
02303090
02407131
02508140
02605091
02700060
02803111
02906080
03004111
03102110
03202121
03301130
03405071
03505080
03604081
03704090
03803101
03905100
04008071
04107070
04207061
04310040
04409051
04506060
04606071
04707150
04808161
04905140
05007141
05105150
05205161
05306150
05404151
05504130
05603121
05703130
05802131
05903140
06001141
06100150
06202141
06302150
06401161
06507160
06608171
06708150
06809151
06906160
07005171
07106170
07206181
07309140
07405181
07510130