00109090
00208081
00308090
00407091
00506100
00607081
00709080
00807101
00907110
01007061
01107070
01209061
01308060
01405091
01508070
01609071
01710060
01809051
01909040
02008101
02106080
02206091
02304090
02404071
02505080
02603101
02705070
02810091
02906070
03003081
03103090
03205061
03306050
03406061
03504060
03602091
03701100
03803051
03904110
04004121
04105100
04206111
04304080
04402101
04503110
04602111
04702080
04802131
04902120
05004101
05103070
05205051
05301090
05400101
05501080
05601071
05701110
05801121
05902060
06000041
06105110
06203141
06304150
06404131
06505120
06605131
06703130
06804141
06903120
07005141
07106140
07201141
07302140
07403151
07502160
07600111
07700120
07801161
07901150
08002151
08100170
08200131
08303160
08409101
08501130
08610101
08711100
08808111
08906130
09011081
09112070
09207121