00109090
00208081
00307090
00408091
00508100
00609111
00707110
00810081
00905130
01006121
01107080
01207101
01309080
01409071
01508060
01606111
01705120
01806131
01906100
02006141
02106150
02205111
02307130
02405091
02508110
02608121
02709120
02807141
02905140
03005151
03103120
03204131
03305100
03404111
03503110
03603101
03704120
03802121
03902100
04001091
04104140
04201101
04301080
04403091
04504100
04604091
04702090
04800051
04907120
05005081
05102110
05207061
05306070
05402071
05501060
05603061
05704070
05803071
05903080
06005061
06104060
06205071
06305050
06404051
06506090
06606061
06707050
06805041
06906030
07009061
07106080
07204031
07306050
07409051
07504080
07600081
07707070
07809041
07909030
08000061
08100070
08208031
08303050
08410051
08507020
08612071
08711060
08810071
08910060
09011071
09108070
09213071