00109090
00208081
00307090
00408091
00508100
00609111
00707110
00810081
00905130
01006121
01107080
01207101
01309080
01409071
01508060
01606111
01705120
01806101
01906130
02006081
02106090
02205101
02303100
02404111
02508130
02607131
02705110
02805141
02904090
03005091
03105080
03206071
03302110
03401121
03503110
03608121
03706140
03804121
03911090
04007121
04109120
04207141
04307150
04408161
04503120
04603091
04703130
04803141
04904130
05002131
05100090
05201101
05304150
05404101
05506150
05605151
05706160
05806171
05908140
06005171
06105160
06202121
06310120
06409131
06504160
06603161
06704170
06804141
06902140
07002101
07101110
07202091
07304070
07401131
07503060
07602051
07708070
07801091
07909060
08010051
08107060
08200131
08310060
08406061
08511060