00109090
00208081
00308090
00410091
00509080
00609101
00708110
00807101
00908100
01008131
01107110
01210081
01306120
01405131
01510110
01609111
01710070
01812051
01907130
02005111
02106100
02205091
02305120
02407121
02509140
02606111
02705100
02809071
02911090
03011051
03110060
03209051
03310050
03410041
03508060
03609031
03712060
03809061
03909040
04008021
04107010
04211061
04311070
04411031
04511040
04612021
04713010
04808031
04910030
05008011
05108040
05211021
05310020
05415021
05513040
05613021
05714020
05815031
05912030
06015041
06115050
06215011
06315000
06411001
06514030
06614051
06712040
06813061
06912070
07013071
07116030
07213091
07313080
07411101
07513050
07612101
07713100
07814081
07915070
08010121
08111110
08214061
08314070
08415061
08513030
08616061
08717060
08812111
08911010
09013121
09114130
09212121
09312090
09411121
09509120
09614121