00109090
00208081
00308090
00409081
00507090
00610091
00705090
00806091
00907080
01005051
01107060
01207071
01306060
01405061
01505070
01611101
01712110
01810111
01910080
02008101
02109100
02209121
02308130
02412091
02513080
02607101
02708110
02807051
02910100
03006051
03108050
03203051
03304050
03404071
03503080
03605081
03703060
03807041
03908030
04005041
04105030
04208041
04306040
04409041
04510040
04607031
04707020
04809051
04909060
05010061
05106020
05211071