00109090
00209101
00308090
00410091
00508110
00608101
00707100
00806091
00906110
01009081
01104130
01205121
01311100
01407111
01505130
01606131
01704110
01804121
01903120
02002111
02102130
02201141
02303130
02401131
02503140
02603111
02703150
02803161
02904150
03001121
03101150
03202151
03304170
03404141
03505160
03606171
03701100
03806151
03906140
04002121
04104100
04205111
04303100
04402101
04506100
04605101
04701090
04805091
04905080
05002091
05102080
05206121
05304090
05404081
05507060
05606071
05708120
05803091
05905070
06001111
06100120
06203081
06300050
06403071
06503050
06604071
06706050
06802071
06901070
07002061
07101050
07201081
07304050
07402051
07505050
07607051
07705040
07805061
07904030
08008071
08103020