00109090
00208081
00308090
00409081
00507090
00610091
00705090
00806091
00907080
01005051
01107060
01207071
01306060
01405061
01505070
01612111
01711100
01810111
01910100
02008101
02113100
02212101
02307050
02404081
02508040
02609031
02711110
02812121
02912090
03012131
03112140
03211081
03312080
03409101
03512070
03608111
03707120
03811121
03913140
04007101
04105080
04209121
04310130
04413121
04510120
04611091
04705100
04805111
04914120
05010081
05109070
05209111
05306110
05409141
05509130
05611131
05704090
05803081
05908130