00109090
00209101
00308090
00407091
00507100
00606111
00705110
00808101
00905070
01010121
01109110
01206081
01306090
01405081
01507080
01605101
01707120
01803081
01904080
02004091
02102070
02206071
02307060
02403101
02502110
02602101
02704100
02803091
02903070
03003111
03103120
03204071
03302090
03402061
03506100
03607111
03706120
03805121
03907130
04008141
04105090
04200061
04304110
04404131
04503140
04604121
04705130
04801091
04900080
05000051
05102080
05200031
05300040
05409131
05507150
05612101
05711110
05810101
05911100
06007141
06110140
06211091
06310080
06406141
06505140
06612111
06708110
06810131
06910110
07004151
07112130
07204141
07304160
07412091
07512080
07611081
07713100
07813091
07914090
08003061
08102050
08204061
08301060
08406061
08505060
08606051
08706040
08804031
08904050
09008151
09109140
09209161
09306130
09410171
09511180
09606151
09708130
09811161
09911130
10011141
10112140
10212151
10313160
10413141
10514130
10609181