00109090
00208081
00308070
00409081
00507080
00606091
00706100
00807101
00908090
01008111
01109120
01205081
01304070
01406071
01504080
01607061
01704090
01804061
01908050
02004111
02105090
02207111
02306110
02402061
02503060
02607121
02707130
02810091
02909100
03010111
03109110
03209131
03306080
03405051
03507090
03608101
03708120
03810101
03910080
04006141
04110120
04212121
04306120
04404101
04506130
04603071
04702080
04806041
04907030
05005131
05104120
05205111
05305100
05403081
05507070
05608061
05706060
05807051
05905030
06006031
06108130
06206021
06306010
06403111
06503090
06602101
06702110
06801091
06905070
07008141
07105060
07207141
07305140
07410141
07509140
07611131
07709150
07814101
07913110
08012101
08113100
08212111
08312090
08412131
08512140
08613131
08710130
08814141
08911110
09014131
09115130
09213121
09311100
09414111
09514120
09611141
09710150
09815101