00109090
00208081
00308090
00410091
00509080
00609101
00708110
00807101
00908100
01008131
01107110
01210081
01306120
01405131
01510110
01609111
01710070
01812051
01907130
02005111
02106100
02205091
02305120
02407121
02506110
02606131
02706090
02806081
02907070
03002081
03109070
03208071
03309060
03409051
03505080
03605051
03707090
03808051
03907050
04007061
04108060
04211051
04310050
04406041
04504060
04610031
04709040
04811061
04911040
05012031
05106070
05212041
05312070
05412021
05512010
05612061