00109090
00209101
00310100
00408081
00507080
00610091
00707120
00812071
00911080
01008031
01111060
01211071
01310070
01408051
01508060
01610061
01709070
01809081
01908070
02007071
02109060
02210051
02309050
02409041
02507020
02610031
02707060
02810041
02910020
03011021
03112010
03205101
03308040
03406061
03505050
03612091
03707050
03806041
03907030
04007041
04106020
04205011
04309030
04411011
04508020
04609021
04706050
04810011
04911000
05005041
05106030
05204041
05303040
05404051
05507010
05604021
05704030
05803031
05906000
06001051
06102040
06211091
06306010
06405021
06505000
06613091
06714090
06812081
06914100
07012051
07112060
07211041
07308010
07413061