00109090
00208081
00308090
00410091
00509080
00609101
00708110
00807101
00910100
01007091
01106100
01207111
01307120
01407071
01507080
01606081
01709110
01808121
01905090
02005071
02104060
02206071
02308070
02403071
02504070
02609061
02704080
02804091
02904050
03004041
03106060
03200041
03305080
03403061
03503080
03602081
03705060
03802091
03908060
04007061
04106050
04207041
04307050
04405051
04508050
04608041
04706040
04805031
04906030
05006021
05102060
05207011
05303050
05408001