00109090
00208081
00308090
00410091
00509100
00609081
00707080
00810111
00905060
01006071
01107060
01210101
01310080
01410121
01510130
01611101
01712110
01808101
01907090
02007071
02106090
02205091
02308070
02409061
02505100
02604111
02709120
02808111
02909110
03009131
03108140
03206081
03304100
03409051
03508060
03609041
03709070
03807051
03905040
04006051
04105050
04206061
04306040
04405071
04509030
04608041
04704080
04808051
04910050
05005031
05112100
05211091
05303070
05407031
05510060
05610041
05711040
05807041
05906030
06007021
06107010
06211081
06310070
06411071
06511060
06611111