00109090
00208081
00308090
00407091
00509070
00609081
00710080
00811091
00911070
01008101
01113050
01212061
01310070
01412071
01508070
01607071
01710060
01810051
01910100
02010091
02112080
02209051
02313090
02414101
02513080
02614081
02713070
02813061
02913100
03013111
03111080
03212091
03311050
03411061
03512040
03613031
03714060
03811031
03915050
04016041
04114050
04212051
04316080
04415071
04517050
04616051
04708060
04808031
04909040
05007051
05107060
05206061
05308050
05410031
05505080
05606071
05707040
05809061
05911040
06009031
06112030
06207031