00109090
00208081
00308090
00410091
00509080
00609101
00708110
00807101
00908100
01008131
01107110
01210081
01306120
01405131
01510110
01609111
01710070
01812051
01907130
02005111
02106100
02205091
02305120
02407121
02506110
02606091
02706140
02806131
02905150
03004161
03104090
03209141
03309130
03410151
03511160
03608121
03703080
03802071
03905080
04009121
04111120
04208141
04308150
04407141
04506150
04607151
04711140
04811131
04906080
05004081
05106070
05203101
05308050
05407061
05509060
05611081
05709070
05809051
05907070
06008071
06106030
06207041
06312070
06410101
06512080
06605101
06704110
06807091
06913070
07011071
07112100
07212091
07311090
07407081
07514060
07615051
07713050
07811101
07915070
08011031
08116080
08212041
08317090