00109090
00208081
00307090
00408091
00508070
00607061
00707080
00809061
00907100
01007111
01108060
01205091
01306100
01405101
01505080
01606091
01709110
01808101
01908120
02009101
02110100
02211091
02306140
02407131
02505130
02604121
02707120
02809121
02910110
03011111
03110120
03210091
03310140
03410131
03511080
03608131
03709130
03811151
03911140
04009141
04111120
04208111
04312140
04413141
04513150
04611131
04707150
04808141
04908160
05009171
05109150
05207171
05306150
05408151
05506170
05606161
05705150
05804151
05905140
06005111
06105160
06205171
06305120