00109090
00209101
00308090
00410091
00508110
00608101
00707100
00809081
00906090
01009121
01105080
01204071
01305090
01407091
01509110
01605051
01708070
01805101
01906110
02007111
02105120
02204131
02308080
02404051
02508060
02608051
02706050
02804061
02904080
03006081
03105070
03204041
03304030
03405041
03506060
03603091
03710100
03807071
03911110
04012121
04110110
04212111
04313120
04404091
04507080
04609061
04710070
04808041
04909070
05006041
05107040
05203071
05307030
05402081