00109090
00208081
00308070
00409081
00507080
00606091
00706100
00807101
00908090
01008111
01109120
01205081
01304070
01406071
01504080
01604091
01707060
01803101
01902110
02005091
02103090
02205071
02305060
02405111
02505100
02606051
02706060
02804061
02909060
03008061
03111040
03210051
03306080
03407071
03510090
03611091
03706110
03809071
03910080
04008101
04110100
04210071
04310110
04410121
04509100
04611121
04709110
04809131
04911100
05012091
05112100
05213101
05314110
05407091
05508130
05607141
05710060
05807121
05907130
06006141
06108140
06207111
06312110
06411111
06513120
06614131
06712130
06811141
06912140
07012121
07111150
07208121
07315100
07416091
07510160
07606121
07713130
07809171
07914120