00109090
00208081
00308090
00409081
00507090
00610091
00705090
00806091
00907080
01005051
01108070
01206071
01306080
01407071
01506060
01605071
01704070
01805061
01905040
02001021
02108050
02204051
02303040
02406051
02503050
02606041
02703070
02803061
02904080
03002061
03104060
03204101
03307110
03406101
03504090
03603081
03707100
03807121
03908100
04006121
04106130
04210121
04308120
04410081
04511080
04610101
04710110
04811121
04908110
05008131
05109070
05209111
05306110
05405111
05507130
05604131
05709100
05810071
05910060
06002081
06103090
06202091
06309120
06402071
06502050
06602101