00109090
00208081
00307090
00408091
00508100
00609111
00710080
00811071
00907110
01006121
01107120
01207101
01306110
01405111
01507130
01607141
01709120
01805101
01905090
02006101
02104100
02206081
02307080
02410071
02509080
02609071
02708070
02813071
02912070
03007061
03106090
03204091
03309060
03410051
03506070
03602051
03709100
03810091
03908110
04005141
04105120
04208141
04306140
04405151
04510100
04612101
04710110
04805161
04905170
05006151
05104170
05204131
05303120
05408171
05507160
05608151
05707150
05808161
05908130
06008181