00109090
00208081
00307090
00408091
00508100
00606081
00710080
00807111
00912060
01011071
01107080
01207071
01308060
01409071
01510070
01610061
01711050
01809051
01912080
02008041
02107030
02212071
02307040
02409061
02509040
02607051
02706060
02810041
02911080
03013081
03106050
03211061
03314090
03405061
03506030
03606041
03708030
03809031
03910010
04009021
04110020
04205031
04304020
04408071
04505070
04608051
04707020
04807011
04906010
05010051
05105000