00109090
00209101
00308090
00407091
00506080
00608081
00706100
00806091
00905100
01007101
01105080
01207111
01307120
01407071
01507080
01603081
01705110
01805091
01904090
02008131
02106070
02203101
02305060
02404051
02507060
02608051
02706060
02808061
02908040
03006051
03105050
03205041
03303060
03404061
03504070
03603021
03704030
03801041
03903090
04005071
04104100
04206121
04304110
04404081
04504120
04604131
04703130
04802141
04902080
05001071
05108100
05201081
05302090
05401061
05501050
05601091
05701100
05802111
05902100
06002061
06100090
06204041
06300080
06403051
06505030
06603041
06702040
06807041
06906040
07003031
07103010
07204021
07303070
07405021
07506020
07606031
07704010
07809061